2
4
3
13
23
43
53
73
83
103
113
163
173
193
223
233
263
283
293
313
353
11
31
5
373
41
61
71
101
131
383
151
181
191
433
443
463
211
241
251
503
271
281
523
311
331
563
401
421
431
461
491
521
541
571
601
631
641
593
661
613
691
701
643
653
751
761
673
811
683
821
733
743
881
773
911
941
823
853
971
863
991
883
1021
19
1031
29
953
59
79
89
1051
1061
109
139
1091
149
179
199
983
229
239
1013
1151
269
1033
349
1171
359
1181
1063
379
1093
389
1103
1201
409
419
1231
1291
1123
1301
439
1321
1361
449
1381
1153
479
1451
1163
499
509
1471
1193
1481
1213
1223
1511
569
1531
599
619
1283
659
1303
709
719
739
769
1373
809
829
839
859
1423
919
929
1433
1009
1453
1019
1571
1039
1483
1049
1601
1069
1493
1621
1109
1523
1129
1721
1543
1741
1229
1801
1249
1553
1811
1259
1583
1279
1831
1289
1613
1319
1861
1399
1871
1663
1409
1901
1429
1693
1931
1439
1459
1723
1951
2011
1489
1733
1499
1753
1549
1559
1783
2081
1579
1823
2111
1609
2131
1873
1619
2141
1669
1913
1699
2161
1933
1709
2221
1973
2251
1759
1789
2281
1993
2311
2003
2341
2053
2351
1879
2063
2371
1889
2381
1949
2083
1979
2411
1999
2113
2441
2029
2039
2143
2069
2521
2153
2089
2099
2129
2203
2179
2531
2213
2239
2243
2269
2551
2309
2273
2591
2339
2293
2621
2333
2389
2671
2399
2383
2711
2459
2731
2393
2539
2423
2741
2549
2579
2473
2609
2503
2791
2543
2659
2689
2699
2719
2801
2593
2729
2851
2749
2861
2633
2789
2971
2819
2663
3001
2879
3011
2683
2693
3041
2713
3061
2753
2909
2939
3121
2803
2969
3181
2999
2833
3191
3019
2843
3221
3049
2903
3251
3079
2953
3271
3089
2963
3301
3109
3023
3331
3119
3083
3361
3169
3371
3209
3163
3391
3229
3461
3259
3203
3491
3299
3253
3511
3319
3329
3359
3541
3313
3389
3323
3449
3343
3469
3571
3373
3499
3581
3413
3529
3631
3539
3433
3671
3559
3463
3691
3659
3701
3533
3709
3719
3583
3739
3593
3769
3761
3779
3613
3821
3889
3623
3851
3919
3881
3643
3929
3911
3673
3931
3989
7
4019
4001
3733
4049
4021
3793
4079
4051
3803
4099
4091
3823
4111
3833
4201
3853
4211
3863
4231
17
4129
3923
4241
4139
3943
4261
4159
4003
4271
4219
4013
4229
4073
4259
4093
4391
37
4289
4421
47
4339
4133
4441
4349
4153
4451
4409
4481
4243
67
97
107
4561
127
137
157
4253
4519
4591
4549
4621
4273
4283
4639
4651
4649
4363
4679
4691
4373
4721
4729
4423
4751
4463
4759
4801
4483
4789
4831
4493
4799
4861
4871
4889
4513
4909
4523
4931
4919
4583
4951
167
4969
4603
5011
4999
4643
5009
5021
4663
5039
5051
4673
5059
5081
4703
5099
5101
4723
5119
4733
5171
4783
5179
5231
5189
4793
5261
4813
5209
5281
5279
5351
5309
4903
5381
4933
5399
5431
4943
5419
5441
5449
4973
5471
5479
4993
5501
5003
5521
5023
5531
5519
5113
5581
5569
5153
5591
5639
5233
5641
5273
5659
5651
5669
5303
5701
5689
5323
5711
5333
5749
5393
5779
5741
5413
5791
5443
5839
5801
5483
5849
5821
5869
5503
5879
5851
5563
5939
5861
5573
5881
6029
5623
6079
5981
5653
197
6089
227
6011
5683
5693
6199
6091
257
277
6229
6101
307
317
5743
337
347
367
397
6121
6269
457
467
5783
487
547
557
577
6299
587
607
6131
617
5813
647
6329
677
6151
5843
727
757
787
6359
6211
797
827
5903
6379
857
6221
877
887
907
5923
6389
937
6271
947
967
977
6449
5953
6301
997
1087
6469
1097
6311
1117
6043
1187
6529
1217
1237
6361
6053
1277
6569
1297
1307
6421
6073
1327
6599
1367
6451
6619
6113
1427
6481
1447
6659
1487
6133
6491
1567
6143
6679
1597
1607
6521
1627
6689
6163
1637
6551
6173
6709
6571
6203
6719
6581
6263
1657
6779
6661
1667
6691
6323
6829
1697
6701
1747
6869
6343
1777
6761
1787
6899
6353
6781
1847
1867
6949
6791
1877
6373
6959
1907
6841
1987
1997
6871
7019
2017
6473
6911
7039
6553
7069
6563
6961
7079
6971
6653
7109
2027
6673
6991
7129
2087
7001
7159
6703
2137
6733
7121
7219
2207
2237
7151
7229
2267
6763
2287
7211
7309
6793
7321
7349
6803
2297
7331
7369
6823
7351
7459
6833
7411
7489
6863
7499
6883
7451
7529
7481
6983
2347
2357
7549
7013
7541
7559
2377
7043
7561
2417
7589
7103
2437
2447
7591
7639
2467
2477
7621
7649
2557
7193
7669
2617
7681
7213
2647
7699
7691
7243
7759
7253
2657
7741
2677
7789
2687
7283
7829
2707
7841
2767
7879
7901
2777
7333
7919
2797
7951
2837
7949
7393
8011
2857
8009
7433
2887
8081
2897
8039
2917
8101
7523
2927
8059
2957
8111
8069
3037
8161
3067
7573
8089
3137
8171
7583
8179
3167
8191
3187
8209
7603
3217
8221
8219
7643
8231
3257
8269
7673
8291
7703
8329
8311
7723
3307
8369
3347
7753
8431
8389
3407
8461
7793
8419
3457
7823
8429
3467
8501
7853
3517
8539
8521
7873
3527
8599
7883
8581
8609
8641
7933
3547
3557
8629
7963
8681
8669
7993
8731
8689
8699
8053
3607
3617
8093
3637
8719
3677
8123
3697
8779
3727
3767
8233
8819
3797
8243
3847
8839
3877
8263
8849
8273
8293
8929
8353
8969
8363
8999
8741
8423
9029
8761
9049
8443
8821
3907
9059
8513
3917
8831
9109
8543
3947
3967
8563
9199
8861
4007
8573
9209
4027
8941
8623
4057
9239
8663
4127
8951
9319
8693
4157
9349
4177
8713
8971
4217
8753
9419
9001
4297
8783
9439
9011
4327
8803
9479
4337
9041
4357
9539
8863
9091
4397
8893
9619
4447
9629
9151
8923
4457
9649
8933
4507
9161
9679
8963
4517
9181
9689
4547
9013
4567
9719
9221
4597
9043
9739
9241
4637
9749
9103
4657
9281
9769
9133
9311
9829
4787
9173
4817
9839
9341
9203
4877
9859
4937
9371
9283
9929
4957
9293
4967
9949
9391
4987
9323
10009
5077
9421
9343
5087
10039
9403
5107
9431
10069
9413
5147
10079
9461
9433
5167
10099
5197
9491
9463
10139
5227
9473
9511
5237
10159
5297
10169
9521
5347
10259
9533
9551
5387
10289
9613
5407
9601
5417
9623
10369
5437
9631
9643
10399
5477
9733
10429
9661
5507
9743
10459
5527
9721
5557
9803
10499
5647
9833
9781
10529
5657
9883
10559
9791
5717
9923
10589
5737
9811
9973
10639
5807
9851
5827
10709
10093
5857
9871
10729
10103
5867
5897
10739
10133
9901
5927
10789
10163
9931
5987
10799
10193
6007
9941
10223
10859
6037
10243
6047
10889
10061
6067
10253
10909
10091
10273
10111
10303
6197
10313
10141
6217
10333
6247
10151
10343
6257
10433
6277
10181
6287
10211
6317
10939
10453
6337
10271
10949
6367
10463
10301
10979
6397
10513
11059
6427
10321
10613
11069
6547
10331
10663
11119
10391
10723
11149
10501
11159
6577
10733
6607
11239
10753
10531
6637
10853
11279
10601
6737
10883
11299
6827
10903
10631
11329
6857
10973
11369
10651
6907
10993
6917
10691
11003
6947
11083
10711
6967
11093
6977
10771
11113
6997
11399
10781
11173
7027
11213
10831
7057
11243
10861
7127
11273
7177
10891
7187
11353
7207
11383
11071
7237
11393
7247
11131
11423
7297
11161
11443
7307
11483
7417
11171
11503
7457
7477
11251
11593
7487
11633
11261
7507
7517
11743
11311
7537
11783
7547
11321
11813
7577
11833
11351
7607
11863
11411
11903
7687
7717
11923
11471
7727
11933
11491
7757
11953
7817
11551
12043
7867
12073
11621
7877
12113
11681
7907
12143
7927
11701
12163
7937
12203
11731
8017
12253
11801
8087
11489
12263
8117
11821
12323
8147
11831
8167
12343
11941
12373
8237
11519
8287
12413
11971
8297
11549
12433
8317
11981
11579
8377
12473
8387
12011
11689
12503
8447
11699
12041
8467
12553
11719
8527
12071
12583
8537
11779
12613
12101
8597
11789
8627
12653
11839
12161
8647
12703
8677
11909
12211
12713
8707
11939
8737
12743
11959
8747
12763
11969
8807
12823
8837
12049
12853
8867
12109
8887
12893
12241
12119
9007
12923
12149
12251
9067
12953
12239
12281
9127
12269
9137
12973
12301
9157
12289
12983
9187
12391
12329
13003
9227
12379
9257
12401
9277
13033
12409
9337
13043
12421
12479
9377
13063
12451
12539
9397
13093
12491
12569
9437
12511
13103
12589
9467
12541
13163
12619
9497
13183
12601
12659
12611
12689
9547
13313
12641
12739
9587
13463
12671
9677
12799
13513
12721
9697
12809
13523
12781
9767
12829
12791
13553
9787
12889
12821
9817
13613
12841
9857
13633
12899
12911
9887
12919
13693
12941
12959
9907
13723
13001
12979
13763
9967
13009
13121
13873
10007
13151
13049
13883
10037
10067
13171
13903
10177
13913
13241
10247
13933
10267
13291
13963
10337
13331
10357
14033
13099
13381
10427
13109
14083
13411
10457
13159
14143
13421
10477
13219
14153
13441
13229
14173
10487
13451
13249
14243
13259
13591
14293
13309
13681
14303
13339
13691
14323
13399
13711
14423
13469
13721
13499
14503
13751
14533
13781
14543
13619
13831
14563
13649
13841
13669
14593
13901
13679
14633
13921
13709
14653
13931
13729
14683
13759
14011
13789
14051
14713
13799
14723
14071
14081
14753
13829
14783
14221
13859
14251
14813
13879
14843
14281
13999
14923
14321
14009
14341
14029
14983
14401
15013
14149
14411
14159
15053
14249
14431
15073
14461
14369
15083
10567
14389
15173
14551
14419
15193
14561
14449
14591
15233
14479
14621
14489
15263
14731
14519
14741
14549
15313
14771
14629
15373
14821
15383
14639
14831
15413
14669
14851
14699
15443
14891
14951
15473
14759
15031
15493
14779
15061
15583
14869
15091
15643
14879
15101
15683
14929
15121
15733
14939
15131
14969
15161
15773
15139
15241
10597
15803
15149
15271
15823
15199
15331
15913
15361
15259
15391
15923
15269
15401
15973
15289
15451
16033
15299
15461
15319
16063
15511
15329
16073
15541
16103
15349
15551
15581
15359
16183
15601
16193
15439
16223
15641
15559
16253
15661
15569
16273
15671
15619
16333
15629
15731
16363
15649
15761
16433
15679
15791
16453
15739
15881
16493
15749
10607
15901
16553
15809
15971
16573
15859
15991
16603
15889
16001
16633
15919
16061
16673
15959
16091
16693
16069
16111
16703
16139
16141
16763
16189
16231
16823
16229
16301
16843
16249
16361
16883
16319
16381
16903
16339
16411
16943
16349
16421
16963
16369
16451
16993
16481
16519
17033
16529
16561
17053
16619
16631
16649
16651
17093
16661
16699
17123
16691
16729
16741
17183
16759
17203
16811
16829
16831
17293
16879
16871
16889
17333
10627
16901
17383
16979
16921
17393
17029
16931
17443
17099
16981
17483
17159
17011
17573
17189
17021
17209
17041
17623
17191
17683
17239
17713
17231
17299
17291
17359
17783
17321
17389
10657
17863
17341
10667
17419
17903
10687
17351
17449
17923
10837
17401
17489
10847
18013
17431
10867
17509
18043
17519
17471
10937
17539
18133
10957
17491
17569
10987
18143
17551
11027
18223
17581
11047
17579
18233
11057
17681
17599
11087
18253
17761
17609
11117
18313
17791
17659
11177
18353
17851
17669
11197
18413
11257
17729
17881
11287
18433
17749
17891
11317
18443
17789
17911
18493
11437
17839
17921
11447
18503
17971
11467
17909
18523
17981
11497
11527
17929
18553
18041
11587
17939
18061
18583
11597
17959
18121
18593
11617
17989
11657
18131
18713
11677
18049
18181
18743
11717
18059
18191
18773
11777
18089
18211
11807
18793
18119
11827
18251
18803
11867
18149
18301
11887
18913
18169
11897
18311
18973
18199
11927
18341
11987
19013
18229
18371
12007
18269
19073
12037
18401
18289
19163
12097
18451
12107
18329
19183
18461
12157
18379
19213
18481
12197
18439
19273
18521
12227
18539
19333
18541
12277
18679
12347
19373
18661
12377
18719
19403
18671
12437
18749
19423
12457
18691
18839
12487
19433
18701
12497
18859
19463
18731
12517
12527
19483
18911
18869
12547
19543
12577
19001
18899
19553
12637
18919
19031
19583
12647
18959
19051
12697
19603
18979
19081
12757
12907
19121
19009
19753
12917
19141
19069
19763
12967
19181
19079
19793
13007
13037
19211
19813
19139
13127
19231
19219
19843
13147
19301
19249
13177
19853
13187
19381
19259
19913
13217
19289
19391
13267
19963
19309
19421
19973
19319
19441
19993
13297
19379
19471
20023
13327
19429
13337
20063
19469
13367
20113
13397
19489
13417
20123
19559
13457
20143
13477
19609
20173
13487
13537
19699
20183
13567
19709
20233
13577
19739
20323
13597
19759
13627
20333
19819
13687
20353
19889
13697
20393
13757
19919
20443
13807
19949
20483
13877
19979
13907
20533
13967
20543
13997
20563
20029
14057
20593
14087
20089
14107
20663
20129
14177
20693
20149
14197
20743
20219
14207
20753
20249
14327
14347
20773
20269
14387
20359
20873
14407
20369
20903
14437
20389
20963
14447
20399
20983
14537
20479
21013
14557
20509
21023
14627
20549
14657
21143
20599
14717
21163
20639
14737
21193
14747
20719
21283
14767
20749
21313
14797
20759
14827
21323
20789
14867
21383
20809
19501
14887
21433
14897
20849
19531
21493
14947
20879
19541
21503
14957
20899
19571
21523
15017
20929
15077
21563
20939
15107
21613
19661
20959
15137
19681
21673
21019
15187
19751
21683
21059
15217
19801
21713
15227
21089
15277
19841
21773
21139
15287
19861
21803
21149
15307
19891
15377
21863
21169
15427
19961
21179
21893
15467
19991
21943
21269
15497
20011
15527
21319
22003
20021
15607
21379
22013
15647
20051
15667
22063
21419
20071
15727
22073
21499
15737
20101
21529
22093
15767
20161
15787
22123
21559
15797
20201
22133
21569
15817
20231
15877
21589
22153
20261
15887
21599
22193
15907
20341
21649
15937
22273
20411
16007
21739
22283
20431
16057
21799
16067
22303
20441
16087
21839
20521
22343
16097
21859
16127
20551
22433
21929
20611
22453
16187
22039
16217
20641
22483
16267
22079
20681
22543
16417
22109
20731
22573
16427
22129
20771
16447
22613
16477
22159
20921
22643
16487
22189
20981
16547
22783
21001
22229
16567
16607
21011
22853
22259
16657
21031
22943
22279
16747
21061
22963
22349
16787
21101
22973
22369
16927
21121
22993
22409
16937
21191
23003
22469
16987
21211
23053
22549
17027
21221
23063
22619
17047
21341
22639
23143
17077
21391
23173
17107
22669
21401
17117
23203
22679
21481
17137
22699
23293
21491
22709
17167
23333
21521
22739
17207
23473
21601
22769
17257
23563
21611
17317
22859
23593
21661
17327
23029
23603
21701
17377
23039
23623
21751
17387
23059
23633
21821
17417
23099
23663
17467
21841
23159
23743
17477
21851
23189
23753
17497
23209
23773
17597
23269
23813
17627
23279
23833
17657
23339
23873
17707
23369
23893
17737
23399
17747
23993
23459
21871
17807
24023
23509
21881
17827
24043
23539
21911
17837
24083
23549
21961
17957
24103
21991
23599
17977
24113
23609
22031
17987
24133
22051
23629
18047
24203
22091
23669
18077
24223
23689
22111
18097
23719
22171
24373
18127
23789
22271
24413
18217
23819
22291
24443
18257
23869
22381
24473
18287
23879
24533
22391
18307
23899
24593
22441
18367
18397
23909
22481
24623
18427
23929
22501
24683
18457
22511
24019
24733
18517
22531
24029
24763
18587
22541
24049
24793
18617
22571
24109
18637
24923
22621
24169
18757
24943
22651
24179
18787
24953
22691
24229
18797
22721
25013
24239
18917
22741
25033
24329
18947
22751
25073
24359
19037
22811
25153
24379
19087
22861
25163
24419
19157
22871
19207
24439
25183
22901
19237
24469
25243
22921
19267
24499
25253
22961
24509
19387
25303
23011
19417
25343
24659
23021
19427
25373
24709
23041
19447
23071
24749
25423
19457
23081
24799
25453
19477
23131
19507
24809
25463
23201
19577
24859
25523
23251
19597
24889
25583
23291
19687
25603
24919
23311
19697
24979
25633
23321
19717
24989
25643
23371
19727
25673
25169
23431
19777
25693
25189
23531
19867
25219
25703
23561
19927
25733
19937
23581
19997
25763
23671
25793
20047
23741
20107
25873
23761
20117
25903
20147
23801
25913
20177
23831
20287
25933
23911
20297
25943
23971
20327
23981
20347
26003
20357
24001
26053
20407
24061
26083
20477
24071
25229
26113
20507
24091
25309
20627
26153
24121
20707
25339
26183
24151
20717
25349
26203
20747
24181
25409
26263
20807
24251
20857
25439
26293
24281
20887
25469
26393
24371
20897
25579
26423
24391
20947
25589
21017
26513
21067
25609
24421
26573
21107
25639
24481
26633
21157
25679
24551
21187
26683
24571
25759
21227
26693
24611
25799
21247
26713
24631
21277
25819
21317
26723
24671
25849
21347
24691
26783
25889
21377
25919
24781
26813
21397
25939
24821
26833
21407
25969
24841
21467
26863
21487
24851
26893
21517
26903
24971
21557
21577
25031
26953
21587
25111
26993
21617
25121
27043
21647
25171
27073
21727
25261
21737
27103
21757
25301
27143
21767
25321
21787
27253
25391
21817
27283
25411
21937
27583
25471
21977
21997
25541
27653
25561
22027
27673
22037
25999
27733
22067
25601
27743
22147
25621
27763
22157
27773
25741
22247
27793
25771
22277
22307
27803
25801
22367
27823
25841
22397
27883
25931
22447
27893
25951
22567
27943
25981
22637
27953
26021
22697
27983
26041
22717
26029
22727
28123
26111
26099
22777
26119
22787
28163
26141
22807
26189
22817
26209
28183
26249
28283
26161
22877
26309
22907
28393
26171
26339
22937
26399
28403
23017
26251
26449
23027
28433
23057
26459
26261
23087
26479
28463
23117
26321
26489
23167
28493
26539
26371
23197
26669
28513
23227
26431
26699
23297
26501
28573
26729
23327
23357
26759
28603
26561
23417
26839
23447
28643
26849
26591
23497
26879
23537
28663
26641
26959
23557
28703
26681
23567
27059
23627
27109
26701
28723
23677
27179
23687
26711
28753
27239
23747
26731
23767
27259
28793
23827
27299
26801
23857
28813
27329
26821
23887
27409
28843
23917
26861
27449
23957
28933
27479
23977
26881
24007
27509
29023
26891
24077
27529
24097
26921
29033
27539
24107
27689
24137
26951
29063
27739
24197
26981
24247
29123
27749
24317
27779
27011
29153
24337
27799
27031
24407
27809
29173
24517
27061
27919
24527
29243
27091
28019
24547
29303
28069
27191
24677
28099
24697
29333
27211
28109
24767
29363
27241
28219
24847
28229
24877
29383
27271
28279
27281
24907
29423
28289
24917
28309
29443
27361
24967
28319
24977
29453
27431
28349
25037
25057
28409
27481
29473
25087
28429
29483
25097
27541
28439
25117
27551
29573
28499
25127
25147
28549
27581
29633
25237
28559
27611
25247
29663
28579
25307
27631
28619
29683
25357
28649
25367
27691
29723
28669
27701
25447
28729
29753
25457
28759
27751
25537
29803
28789
25577
27791
28859
25657
29833
27851
28879
25667
29863
25717
28909
27901
25747
29873
28949
27941
25847
28979
25867
29983
27961
29009
25997
29059
28001
30013
26017
29129
28031
26107
30103
29179
26177
28051
30113
29209
26227
29269
26237
28081
30133
26267
29339
28111
26297
30203
29389
26317
28151
29399
30223
26347
29429
28181
26357
30253
26387
29569
28201
26407
29599
30293
28211
26417
29629
30313
26437
29669
28351
26497
30323
29759
26557
28411
29789
30403
26597
29819
28541
26627
30493
29879
26647
28571
29959
30553
26687
28591
29989
26717
30593
30029
26737
28621
30059
26777
30643
28631
30089
26927
30703
30109
26947
28661
26987
30119
30713
28711
27017
30139
30763
27067
30169
28751
27077
30773
30259
28771
27107
30269
27127
30803
30319
28871
27197
30853
30389
28901
30449
30893
27277
28921
30469
27337
30983
30509
27367
28961
30529
27397
31013
29021
27407
30539
31033
27427
29101
30559
27437
30649
31063
29131
27457
30689
27487
29191
31123
27527
30809
29201
27617
30829
31153
27647
30839
29221
31183
27697
30859
29231
27737
30869
31193
27767
30949
29251
31223
27817
31019
29311
27827
31253
31039
27847
31069
29401
31333
27917
31079
29411
27947
31393
31139
27967
29501
31159
31513
27997
31189
28027
29531
31543
31219
28057
29581
31249
28087
31573
28097
31259
29611
31583
31319
29641
31643
31379
29671
31469
31663
31489
29741
31723
28277
31649
29761
28297
31793
31699
28307
31729
29851
31873
28387
31769
28447
29881
31883
31799
28477
31849
29921
28517
31963
31859
28537
30011
31973
28547
32009
32029
28597
32003
30071
28607
32059
30091
28627
32063
32069
28657
30161
32089
32083
28687
32099
30181
28697
32143
32119
30211
32159
32173
30241
32189
30271
32299
32183
32309
32203
30341
32359
32213
30391
32369
32429
32233
30431
32479
28807
30491
32303
32569
28817
32579
32323
28837
30631
32609
28867
32353
30661
32719
28927
32749
32363
30671
29017
29027
32413
30781
29077
32423
30841
29137
29147
32443
30851
29167
32503
30871
29207
32779
29287
30881
32533
29297
32789
30911
29327
32839
32563
29347
32869
30931
32573
29387
29437
32603
30941
29527
32633
30971
29537
29567
32653
31051
32909
29587
32939
32693
31081
29717
32969
31091
32713
29837
32999
29867
31121
32783
29917
31151
29927
32803
29947
31181
32833
30047
31231
30097
33029
32843
30137
31271
33049
30187
32933
31321
30197
32983
33119
31391
30307
32993
33149
30347
31481
30367
33179
33013
30427
31511
33023
30467
31531
30497
33053
31541
30517
33199
30557
33073
31601
30577
33289
33083
30637
31721
30677
33113
31741
30697
33329
33203
30707
33349
31751
30727
33223
31771
30757
33343
30817
31891
30937
33353
31981
33359
30977
33403
33409
31991
31147
33469
31177
33413
32051
33479
31237
33493
31247
33529
32141
31267
33503
33569
32191
31277
33589
33533
31307
33599
32251
31327
33563
33619
31337
32261
33629
33613
31357
33679
32321
31387
33623
33739
31397
32341
33749
31477
33703
32371
33769
31517
33713
33809
31547
32381
33829
31567
33773
32401
33889
31607
31627
32411
34019
33863
31657
34039
32441
33893
31667
34129
31687
32491
33923
34159
31727
34259
32531
34033
31817
34319
32561
31847
34123
34369
31907
32611
34429
31957
34183
34439
32621
32027
34213
34469
32057
32771
34499
32077
34253
34519
32117
32801
34273
34549
32237
32831
34589
34283
32257
32297
34649
32911
34303
32327
34679
32941
34313
32377
34729
32467
34739
32971
34403
32497
34759
32507
34483
33071
34819
32537
34513
33091
34849
32587
34919
32647
34543
33151
34939
32687
34583
33161
34949
32707
32717
35059
33181
34603
32797
35069
33191
34613
35089
32887
33211
32917
35099
34673
32957
35129
33301
34693
32987
35149
33311
33037
35159
34703
33107
33331
35279
34763
33247
35339
33391
33287
34843
35419
33317
33461
35449
34883
33347
33521
35509
33377
34913
35569
33581
33427
34963
35729
33457
33601
35759
33487
35023
33641
35809
33547
35053
35839
33577
33721
33587
35083
35869
33751
33617
35879
35153
33637
35899
33791
33647
35323
35969
33811
33757
35999
35353
33767
33851
36109
33797
35363
33871
36209
33827
35393
36229
33857
33911
36269
33937
35423
33931
36299
33967
35533
36319
33941
33997
34057
36389
35543
33961
34127
36469
35573
34031
34147
36479
34157
35593
36529
34061
34217
36559
35603
34141
34267
36599
34297
34171
35753
36629
34327
36709
34211
34337
35803
36739
34367
34231
35863
36749
34457
34261
36779
34487
35923
36809
34301
34537
35933
36899
34607
34351
36919
34667
35963
34361
36929
34687
35983
36979
34747
34381
34757
37019
35993
34421
34807
37039
36013
34471
34847
37049
34877
37139
36073
34501
34897
37159
34511
36083
35027
37189
34591
37199
35107
36263
35117
37309
34631
36293
35227
37339
34651
35257
37369
36313
35267
37379
34721
36343
35317
37409
34781
35327
36353
37489
35407
34841
37529
36373
35437
37549
35447
34871
36383
37579
35507
34961
36433
37589
35527
37619
35537
34981
36473
37649
35597
35051
36493
35617
37699
35677
36523
37799
35081
35747
37879
36563
35797
35111
37889
35837
36583
35141
38039
35897
36643
35171
38069
35977
36007
38119
36653
35201
36017
38149
36683
35221
36037
38189
36067
36713
35251
38219
36097
38239
35281
36107
36793
38299
36137
35291
38329
36833
36187
38449
35311
36217
36913
38459
36277
35381
36923
38569
36307
35401
38609
36943
36457
38629
36467
35461
36973
38639
36497
35491
38669
37003
36527
38699
36587
35521
37013
36607
38729
35531
36637
37123
38749
35591
36677
38839
37223
36697
35671
38959
36767
37243
39019
35731
36787
39079
37253
36847
35771
39089
36857
37273
35801
39119
36877
37313
39139
36887
35831
39199
36947
37363
35851
39209
36997
37423
39229
37057
35911
39239
37463
37087
35951
39359
37097
37483
37117
39409
36011
37493
37217
39419
36061
37277
39439
37573
37307
36131
39499
37633
37337
39509
36151
37357
39569
37643
36161
37397
39619
37663
37447
36191
39659
37507
37693
39679
36241
37517
39709
37783
37537
36251
39719
37547
37813
39749
36341
37567
39769
37853
37607
36451
39779
37657
37963
37717
36541
39799
37993
37747
39829
36551
37847
39839
38053
36571
39869
37897
38083
37907
39929
36671
37957
38113
39979
36691
37967
39989
38153
36721
37987
40009
37997
38183
36761
40039
38047
40099
36781
38273
38167
40129
38177
36791
38303
40169
38197
36821
40189
38333
38237
40289
36871
38287
38393
38317
40429
36901
38453
38327
40459
36931
38377
40499
38543
38447
37021
40519
38593
38557
40529
37061
38567
38603
40559
38677
37171
40609
38653
38707
37181
40639
38737
38693
40699
37201
38747
38713
40709
38767
37321
40739
38723
38867
37361
40759
38917
38783
40819
38977
37441
38803
40829
39047
37501
40849
39097
38833
40879
39107
37511
38873
40939
39157
37561
40949
39217
38903
37571
39227
41039
38923
39317
37591
41149
38933
39367
41179
37691
39397
38953
41189
39607
41269
37781
38993
39667
41299
37811
39023
39727
41389
37831
39827
41399
39043
37861
41479
39103
37871
41519
41539
39847
39113
37951
39857
41549
39133
37991
39877
41579
39163
39887
38011
41609
39937
41659
39233
38201
40037
41669
38231
39293
40087
41719
40127
38261
41729
39313
40177
41759
38281
39323
40237
41809
40277
38321
39343
41849
40357
38351
41879
39373
40387
41959
40427
38371
39383
41969
40487
38431
39443
41999
40507
42019
38461
39503
40577
42089
40597
38501
39563
40627
42139
38561
40637
39623
42169
40697
42179
38611
39703
40787
42209
38651
39733
40847
42239
38671
40867
42299
39863
40897
42349
38711
39883
40927
42359
38791
41017
39953
42379
41047
38821
42409
41057
39983
42499
38851
41077
40013
42509
41117
38861
42569
40063
41177
38891
42589
41227
40093
42649
38921
41257
42689
40123
38971
41357
42709
40153
41387
39041
42719
41467
40163
42829
39161
41507
40193
42839
41597
39181
42859
41617
40213
42899
39191
41627
40253
42929
41647
39241
42979
41687
40283
39251
42989
41737
40343
39301
43019
41777
43049
40423
41887
39341
43159
41897
40433
39371
43189
41927
40483
39451
41947
43319
41957
43399
39461
40493
42017
43499
39511
42157
40543
43579
39521
42187
43609
39541
42197
40583
43649
42227
39551
43669
40693
42257
39581
43759
42307
40763
39631
43789
42337
39671
43889
42397
40813
43969
42407
39761
40823
44029
42437
39791
42457
44059
40853
39821
42467
44089
40883
42487
39841
44119
42557
40903
44129
39901
42577
44159
40933
39971
42667
44179
40973
42677
44189
40031
42697
44249
40993
40111
42727
44269
41023
40151
42737
44279
42767
41113
44389
40231
42787
44449
41143
40241
42797
44519
41183
42937
40351
44549
42967
41203
44579
40361
43037
41213
44699
40471
43067
44729
40531
43117
44789
40591
43177
41233
44809
43207
41243
40751
44819
40771
41263
43237
44839
43397
40801
41333
44879
43427
40841
41413
44909
43457
44939
40961
43487
41443
44959
43517
41011
45119
43577
41051
45139
43597
41081
45179
43607
41131
43627
45259
41141
45289
41161
43717
41201
43777
41453
45319
41221
43787
41513
45329
43867
41543
45389
43987
41231
43997
45439
41281
41593
44017
45569
41341
44027
41603
45589
41351
44087
45599
41813
41381
44207
45659
41843
44257
41411
45779
44267
41863
45869
41491
44357
45949
41893
44417
41521
45959
41903
41611
45979
44497
41953
44507
45989
41621
44537
46049
41983
41641
44587
46099
42013
44617
41651
46199
44647
42023
41681
46219
44657
42043
46229
44687
41761
46279
42073
44777
41771
46309
44797
42083
46349
41801
44867
42193
46399
44887
41851
46439
44917
42223
46489
41911
42283
44927
46499
41941
44987
42293
46549
45007
41981
46559
42323
45077
46589
42061
45127
42373
46619
42071
45137
46639
42403
42101
46649
42433
46679
42131
42443
46769
42181
42463
46819
42221
46829
42473
46889
42281
42533
46919
42331
42643
47059
42391
42683
47119
42451
47129
42703
47149
42461
42743
47189
42491
45197
42773
45247
47269
42571
47279
42793
45307
42611
47309
45317
42853
42641
45337
47339
42863
45377
47389
42701
45427
47419
42923
42751
45497
47459
42943
45557
47569
42821
42953
45587
47599
42841
45667
43003
47609
42901
45677
47629
43013
45697
47639
42961
43063
45707
47659
43051
45737
43093
47699
45757
43151
47779
43103
45767
47809
43201
43133
45817
47819
45827
43261
43223
47869
45887
47939
43271
43283
46027
47969
43291
43313
46147
48029
46187
43321
48049
43403
46237
48079
43331
43543
46307
48109
43391
46327
48119
43573
43411
46337
48179
43613
46447
43441
48239
43633
46457
48259
43451
46477
48299
43753
43481
46507
48409
43783
46567
48449
43541
43793
46687
48479
43591
46727
48539
43853
46747
43651
48589
43913
46757
48619
43661
46807
43933
48649
43691
46817
48679
43943
46867
43711
48779
46877
43963
48799
43721
46957
43973
48809
43781
46997
48859
44053
47017
43801
48869
47057
44123
48889
43891
47087
44203
48989
47137
43951
49009
44263
47147
43961
49019
47207
44273
49069
43991
47237
49109
44293
44021
47287
49139
47297
44383
44041
49169
47317
44453
49199
44071
47387
49279
44483
44101
47407
49339
47417
44533
44111
49369
47497
49409
44543
44131
47507
49429
44563
44171
47527
49459
47657
44201
44623
49499
47717
49529
44221
44633
47737
49549
44281
44683
47777
49559
47797
44351
44753
49639
47807
49669
44371
44773
47837
49739
44381
47857
44843
49789
47917
44491
44893
49919
47947
49939
44501
44953
47977
49999
48017
44531
44963
50069
48157
44621
44983
50119
48187
44641
50129
48197
45013
50159
44651
48247
45053
50329
48337
44701
45083
50359
48397
44711
48407
50459
45233
44741
48437
50539
45263
48487
50549
44771
48497
50599
45293
44851
48527
50789
45343
48647
44971
50839
45403
48677
50849
45061
48757
45413
50909
45121
48767
50929
45433
48787
45131
50969
45503
48817
50989
45161
48847
45523
51059
45181
48857
51109
45533
48907
45191
51169
45553
48947
51199
45281
49037
45613
51229
45341
49057
51239
45673
49117
45361
51329
49157
45763
51349
45481
49177
45823
51419
49207
45491
45833
51439
49277
45541
51449
49297
45853
51479
49307
45631
45863
49367
51539
45641
45893
51599
49417
45691
51659
45943
49477
49537
45751
51679
45953
49547
51719
45821
46073
49597
51749
45841
46093
49627
51769
49667
51829
46103
45971
49697
51839
46133
46021
49727
51859
46153
49747
46051
51869
49757
51899
46183
46061
49787
51929
46091
46273
49807
51949
49877
46141
52009
46523
49927
46171
52069
46573
49937
52189
46181
49957
46633
52249
50047
46261
46643
52259
50077
46271
52289
46663
50087
52369
50147
46301
46703
52379
50177
46351
46723
52489
50207
46381
52529
50227
46853
52579
50287
46411
46933
52609
50377
46441
50387
52639
46993
46451
50417
52709
47093
50497
46471
52769
47123
50527
52859
46511
50587
52879
47143
46591
50627
52889
47293
50647
46601
52919
47303
50707
52999
46681
50767
53069
47353
46691
50777
53089
47363
50857
46751
53129
50867
47513
53149
46771
50957
53189
47533
46811
51047
53239
47543
51137
46831
53269
51157
47563
53279
46861
51197
53299
47623
46901
51217
53309
47653
51257
53359
47041
51287
47713
53419
47051
51307
53479
47743
51347
47111
53549
47843
51407
47161
53569
51427
47903
53609
47221
51437
53629
47933
51487
47251
53639
51517
47963
47351
53699
51577
48023
53719
47381
51607
53759
48073
51637
47431
53819
51647
48163
47441
53849
51767
48193
53899
51787
47491
48313
51797
53939
47501
51817
53959
48353
47521
51827
54049
48383
51907
47581
54059
51977
48413
54139
47591
52027
54269
48463
47681
52057
54319
48473
52067
47701
54409
52127
48523
54419
47711
52147
54449
48533
47741
52177
54469
48563
52237
47791
54499
52267
48593
54539
47881
52387
54559
48623
47911
52457
54629
48673
52517
47951
54679
52567
48733
54709
47981
52627
54779
48823
48091
52667
54799
52697
48883
48121
54829
52727
54869
48131
48953
52747
54919
48221
48973
52757
54949
52807
49003
48271
54959
52817
54979
48281
49033
52837
55009
49043
52937
48311
55049
52957
49103
48341
55079
52967
55109
49123
48371
53017
55219
53047
48481
49193
55229
53077
48491
49223
55249
53087
55259
49253
48541
53117
55339
53147
49333
48571
55399
53197
48611
49363
55439
53267
48661
49393
55469
53327
55529
53377
48731
49433
53407
55579
48751
49463
53437
55589
48761
53507
49523
55609
53527
55619
48781
49603
53597
55639
48821
49613
53617
55799
48871
53657
49633
55819
53717
55829
48991
49663
53777
55849
49031
49783
53857
55889
49081
53887
49823
55949
53897
49121
56009
49843
53917
56039
49171
49853
53927
56099
49201
53987
49943
56149
54037
49211
56179
49993
54167
56209
49261
50023
54217
56239
49331
54277
50033
56249
54287
49391
56269
50053
54347
56299
49411
50093
54367
56359
54377
49451
50123
56369
54437
49481
56479
50153
54497
56489
49531
50263
54517
56509
54547
49681
50273
56519
54577
56569
49711
50333
54617
56599
49741
50363
54647
56629
54667
49801
50383
56659
54727
49811
56779
50423
54767
56809
49831
54787
50503
56909
54877
49871
50513
56929
54907
49891
56989
50543
54917
56999
49921
55057
50593
57059
55117
49991
50683
57089
55127
50021
57119
50723
55147
50051
57139
55207
50753
57149
55217
50101
50773
57179
55337
50111
57259
50833
55457
57269
50131
55487
50873
57329
55547
50221
50893
57349
55667
50231
57389
50923
55697
50261
57529
55717
50993
57559
50291
55787
51043
57649
55807
50311
57679
51133
55817
50321
57689
55837
51193
57709
55897
50341
51203
57719
55927
50411
57809
51263
55967
57829
50441
55987
51283
57839
55997
50461
51343
57859
56087
50551
57899
51383
56167
58049
50581
56197
51413
58099
56207
50591
51473
58109
56237
50651
58129
51503
56267
50671
58169
56377
51563
58189
56417
50741
51593
58199
56437
50821
58229
56467
51613
50891
58309
56477
51673
58369
56527
50951
51683
58379
56597
50971
58439
56687
51713
51001
56737
58549
51803
56747
58579
51031
51853
56767
58679
51061
56807
58699
51893
51071
56827
58789
51913
51131
56857
58889
51973
56897
58909
51151
56957
58979
52103
51241
57037
59009
52153
51341
57047
59029
57077
52163
59069
51361
57097
59119
52183
51421
57107
59149
52223
51431
57287
59159
57347
52253
51461
59209
57367
59219
52313
51481
57397
59239
51511
52363
57427
59359
57457
51521
52433
59369
57467
51551
59399
52453
57487
59419
51581
52543
57527
59509
51631
57557
52553
59539
57587
51691
52583
59629
57637
51721
59659
57667
52673
59669
57697
51871
52733
59699
57727
51941
52783
59729
57737
51971
59779
52813
57787
59809
51991
57847
52883
59879
57917
52021
52903
57947
59929
52051
57977
52963
59999
52081
58027
60029
52973
58057
52121
60089
53003
58067
60139
52181
58147
53093
60149
52201
58207
60169
53113
58217
52291
60209
53173
58237
60259
52301
58337
53233
60289
52321
58367
60449
53323
58417
52361
60509
53353
58427
52391
60539
58477
53453
60589
52501
58537
53503
60649
52511
58567
60659
53593
58657
52541
60679
58687
53623
60689
52561
58727
60719
53633
52571
58757
60779
53653
58787
52631
60859
58897
53693
52691
60869
58907
53773
60889
52711
58937
60899
53783
58967
52721
60919
58997
53813
52861
61099
59077
53923
52901
61129
59107
61169
53993
52951
59167
61339
59197
54013
52981
61379
59207
54083
53051
61409
59357
61469
54133
53101
59377
61519
59387
54163
53161
61559
59407
54193
53171
61609
59417
54293
59447
61729
53201
59467
61819
54323
53231
59497
61879
54403
53281
59557
61909
59567
54413
53381
61949
59617
61979
54443
53401
59627
62039
54493
53411
59707
62099
54503
59747
53441
62119
59797
54563
62129
53551
59887
62189
54583
53591
59957
62219
54623
60017
53611
62299
60037
54673
53681
62459
60077
62539
54713
53731
60107
62549
54773
60127
53791
62639
60167
54833
53831
62659
60217
62819
53861
54973
60257
62869
60317
53881
54983
62929
60337
53891
55073
62939
60397
53951
62969
55103
60427
62989
54001
60457
55163
63029
60497
54011
55213
63059
60527
54091
55243
63079
60607
63149
54101
60617
55313
63179
60637
54121
55333
63199
60647
54151
55343
60727
63299
54181
60737
63389
55373
60757
63409
54251
55603
60887
63419
54311
60917
55633
63439
54331
60937
63499
55663
61007
54361
63559
55673
61027
63589
54371
61057
55733
63599
54401
61297
63629
55763
54421
61357
63649
55793
61417
63659
54521
55813
61487
63689
54541
61507
63709
55823
54581
61547
63719
55843
61627
54601
63799
55903
61637
63809
54631
61657
63839
55933
54721
61667
63929
56003
61687
54751
63949
61717
56053
64019
54851
61757
56093
64109
54881
61837
64189
56113
61927
54941
64279
61967
56123
64319
55001
61987
56263
64399
55021
62017
64439
56333
62047
55051
64489
62057
56383
55061
64499
62137
56393
64579
55171
62207
64609
56443
62297
55201
64679
62327
56453
55291
64709
62347
56473
55331
64849
62417
56503
64879
62467
55351
64919
62477
56533
55381
64969
62497
56543
55411
65029
62507
56633
55441
65089
62597
65099
62617
55501
56663
62627
65119
55511
56713
62687
65129
55541
56773
65179
62827
65239
62897
55621
56783
62927
65269
55631
56813
62987
65309
55661
56843
63067
65419
55681
63097
65449
56873
63127
65479
55691
56893
63197
65519
55711
56923
63247
65539
55721
63277
65579
56963
63317
55871
65599
56983
63337
65609
55901
56993
63347
65629
55921
63367
65699
57073
63377
55931
65719
57143
63397
65729
56041
57163
63467
65789
56081
63487
57173
65809
63527
56101
65839
57193
63577
65899
56131
57203
63587
65929
56171
63607
57223
66029
63617
56311
57283
66089
63647
56401
66109
57373
63667
66169
56431
63697
57383
66179
63727
56501
57413
66239
63737
56531
66359
57493
63857
66449
56591
63907
57503
66499
63977
56611
57593
66509
63997
56671
66529
57653
64007
56681
66569
64037
57713
66629
56701
64067
57773
66739
64157
56711
57793
66749
64187
56731
66809
64217
57803
56821
64237
66889
57853
64327
66919
56891
57923
66949
64567
56911
66959
64577
57943
56921
67049
64627
57973
56941
64667
67079
58013
64717
67129
56951
64747
58043
67139
57041
64817
67169
58073
57131
64877
67189
58153
64927
67219
57191
58193
64937
67289
57221
64997
67339
58243
57241
65027
67349
58313
57251
65147
67369
58363
65167
67399
57271
65257
58393
67409
57301
65267
67429
58403
57331
65287
67489
58453
65327
67499
57571
65357
58543
67559
57601
65407
67579
58573
57641
65437
67589
58603
65447
67619
57731
58613
65497
67679
57751
65537
58693
67699
57781
65557
67709
58733
65587
57791
67759
65617
58763
57881
67789
65647
67819
58913
57901
65657
67829
58943
65677
57991
67939
65687
58963
58031
67979
65707
59023
68059
58061
65717
68099
59053
65777
58111
68209
65827
59063
58151
68219
65837
59083
68239
58171
65867
68279
59093
65927
58211
68329
65957
59113
58231
68389
66037
59123
58271
68399
66047
59183
68449
58321
66067
68489
66107
59233
58391
68539
66137
59243
58411
68639
66337
59263
68659
58441
66347
68669
59273
66377
58451
68699
66457
59333
58481
68729
66467
59393
68749
58511
66587
68819
59443
66617
58601
68879
66697
59453
58631
68899
66797
59473
58661
68909
66877
59513
69019
58711
66947
69029
66977
59663
58741
69109
67057
58771
59693
69119
67157
58831
59723
69149
67187
69239
58901
59743
67217
69259
67247
58921
59753
69379
67307
58991
69389
59833
67427
59011
69439
67447
59863
69499
67477
59021
60013
69539
67537
59051
60083
69709
67547
59141
69739
67567
60103
69779
67577
59221
60133
67607
69809
59281
60223
69829
67757
59341
69859
67777
60293
59351
69899
67807
60343
69929
67867
59441
60353
67927
69959
59471
60373
67957
70009
67967
59561
70019
60383
67987
70039
59581
60413
68087
70079
59611
60443
68147
70099
59621
68207
70139
60493
68227
59651
70199
60623
68437
70229
59671
60703
68447
70249
59771
68477
70289
60733
68507
59791
70309
60763
68567
70379
59921
60773
68597
70429
59951
68687
60793
70439
59971
68737
70459
60913
68767
59981
70489
60923
68777
70529
60041
68897
60943
70549
60091
68917
70589
60953
60101
68927
70619
61043
68947
60161
70639
61153
69067
70709
60251
69127
70729
61223
60271
69197
70769
61253
60331
69247
70849
61283
69257
60521
70879
69317
61333
70919
60601
69337
70949
61343
60611
69427
70969
61363
69457
60631
70979
69467
61403
70999
60661
69497
71039
61463
60761
69557
71059
61483
69677
60811
71069
61493
69697
71089
60821
69737
61543
71119
60901
69767
71129
61553
69827
60961
71209
61583
69847
71249
61001
69857
61603
71329
61031
69877
71339
61613
61051
69997
71359
61643
70067
61091
71389
70117
61673
71399
61121
70157
71419
61703
61141
70177
71429
61723
61151
70207
71479
70237
61813
61211
71549
70297
71569
61843
61231
70327
71699
61933
61261
70457
71719
70487
61291
62003
71789
70507
61331
62053
71809
70537
71849
61381
62143
70607
71879
61441
70627
62213
71899
70657
61471
62233
71909
70667
61511
71999
62273
70687
72019
61561
62303
70717
72089
70867
62323
61631
72109
70877
62383
72139
61651
70937
72169
62423
61681
70957
72229
70997
62473
61751
72269
71147
62483
61781
72379
71167
72469
62533
61861
71237
72559
62563
61871
71257
72649
71287
62603
61961
72679
71317
62633
61981
72689
71327
72719
62653
61991
71347
72739
71387
62683
62011
72859
71437
62723
62071
72869
71527
62743
72889
62081
71537
72949
62753
71597
62131
72959
71647
62773
62141
73009
71707
62873
62171
73019
71777
73039
62903
62191
71807
73079
71837
62201
62983
73189
71867
62311
73259
71887
62351
73309
71917
62401
62501
71947
73369
62581
71987
73379
62591
72047
73459
62701
72077
73529
62731
72167
73589
62761
72227
73609
62791
72277
73679
62801
72287
73699
62851
72307
73709
62861
72337
73819
72367
73849
72467
73859
72497
63073
73939
72547
63103
73999
72577
63113
74099
72617
63313
74149
72647
63353
74159
72707
63443
74189
72727
63463
74209
72767
63473
74219
72797
63493
74279
72817
63533
74419
72907
63703
74449
72937
63743
72977
63773
74489
72997
63793
74509
62921
73037
74609
63803
73127
62971
74699
73237
63823
62981
74719
73277
63853
63031
74729
73327
63863
74759
63131
73387
74779
73417
63913
63211
74869
73477
64013
63241
74929
73517
64033
63281
74959
73547
64063
75029
73597
63311
75079
73607
64123
63331
75109
73637
64153
63361
75149
73727
64223
75169
63391
73757
75209
64283
73847
63421
75239
73867
64303
63521
73877
64333
63541
73897
64373
73907
63601
74017
64403
63611
74027
64433
63671
74047
64453
63691
74077
64483
74167
63761
74177
64513
63781
74197
64553
63841
74257
64613
74287
63901
74297
64633
75269
64081
74317
64663
75289
64091
74357
75329
64693
74377
64151
75389
64763
74507
64171
74527
64783
64231
74567
64793
64271
74587
64853
74597
64301
75479
74687
65003
64381
74707
75539
65033
64451
74717
75619
65053
74747
64591
75629
65063
74797
75659
64601
74827
75679
65123
64621
74857
75689
65173
74887
64661
75709
65183
74897
75869
64781
75017
65203
64811
75037
65213
64871
75167
65293
75217
64891
65323
75227
64901
75277
65353
64921
75307
65393
75337
64951
65413
75347
65011
75367
65423
75979
65071
75377
75989
65543
65101
75407
76039
65563
75437
65111
76079
75527
65633
76099
65141
75557
76129
65713
65171
75577
76159
65843
75617
65371
76249
65963
75707
76259
65381
75767
65983
76289
65521
75787
76369
65993
75797
65551
66083
75937
65581
75967
66103
65651
75997
66173
65701
76147
66293
76157
65731
76207
66343
65761
76367
66373
65831
76387
66383
65851
76487
66403
76507
65881
76537
66413
65921
76597
66463
76379
65951
76607
76519
66523
76667
65981
76579
76697
66533
66041
76649
76717
66553
66071
76679
76757
66593
76777
76819
66161
76837
76829
66643
66191
76847
76919
66653
66221
76907
76949
66683
77017
77029
66271
77047
77069
66713
66301
77137
66733
66361
77167
66763
66431
77237
66853
77267
66491
66863
77317
66541
77347
66883
66571
77377
66923
66601
77417
66943
66701
77447
66973
66721
77477
67003
66751
77239
77527
67033
77249
77557
66791
77269
77587
67043
66821
77617
66841
77279
67073
77647
66851
67103
77687
66931
67153
77747
77797
67021
67213
77339
77867
67061
67273
77359
77977
77369
67121
67343
77419
67141
67433
77479
67181
77489
67453
67211
78007
77509
67231
78017
77549
67493
67261
78137
77569
67523
78157
67271
77659
78167
67723
77689
67391
78277
77699
67733
78307
67411
78317
77719
67763
67421
78347
77839
67783
78367
67481
77849
78427
67843
77899
67511
78437
67853
77929
78467
67883
67531
77969
78487
78497
77999
67933
67601
78517
78049
67943
78577
67631
78059
78607
67993
78697
67651
78079
78707
68023
78139
67741
78737
78179
68053
67751
78787
78229
68113
78797
67801
78259
78857
68213
67891
78439
78877
78479
68443
67901
78887
78509
67931
68473
78977
78539
79087
67961
68483
78569
79147
68041
68543
78649
79187
78779
68071
68633
79337
78809
68111
68683
79357
78839
79367
68141
68713
78889
79397
78919
68161
68743
79427
78929
68171
68813
79537
78979
68261
79627
68863
78989
79657
68281
79039
68903
79687
79139
68311
68963
79697
79159
68351
68993
79757
79229
68371
79259
79777
69073
79279
79817
68491
69143
79309
79847
68501
69163
79319
79867
68521
79349
79907
69193
68531
79379
79967
69203
79399
79987
68581
69233
79997
79549
68611
69263
80077
79559
68711
80107
79579
69313
68771
80147
79589
69383
80167
79609
68791
69403
80177
79669
68821
80207
79699
69463
68881
79769
80287
69473
68891
79829
80317
69493
80347
79889
69001
69593
80387
79939
69011
80407
69623
79979
69031
80447
79999
69653
80527
80039
69061
69763
80537
80149
69151
69833
80557
80209
69191
80567
80239
70003
80627
69221
80279
70123
80657
69341
70163
80677
69371
80687
70183
69401
80737
70223
80747
69431
70313
80777
80309
69481
80897
70373
80329
69491
80917
80369
70393
69661
81017
80429
70423
81047
80449
69691
70573
81077
80489
69761
81097
70583
69821
81157
70663
81197
69911
70753
81307
69931
70783
81457
69941
81517
70793
69991
81527
70823
80599
81547
70001
80629
70843
81637
80669
70051
70853
81647
80749
70061
81667
70913
80779
81677
70111
71023
81707
70121
71143
81727
70141
81737
71153
70181
81817
71233
81847
70201
80789
71263
81937
80809
70241
81967
71293
80819
70271
82007
80849
71333
70321
82037
80909
71353
82067
80929
70351
71363
82207
80989
70381
81019
82217
71413
70451
81049
82237
71443
81119
82267
70481
71453
82307
70501
82387
71473
70571
82457
71483
70621
82487
71503
82507
70841
71563
82567
70891
82657
71593
70901
82727
71633
82757
70921
71663
82787
70951
71693
82837
81199
70981
82847
71713
81239
70991
82997
81299
71843
71011
83047
81349
71933
83077
71081
81359
83117
71963
71161
83137
71983
71171
83177
71993
83207
71191
72043
83227
71261
83257
81409
72053
71341
83267
81439
72073
71411
83357
81509
72103
83407
71471
83417
72173
71551
83437
72223
71671
83477
81559
72253
83497
81569
71711
72313
81619
83537
71741
81629
83557
72353
71761
81649
83597
72383
81689
71821
83617
72493
81749
83717
71861
81769
72503
83737
71881
81799
83777
72533
71941
81839
83857
72613
81869
83987
71971
81899
72623
84017
72031
81919
84047
72643
72091
81929
84067
72673
82009
72101
84127
72733
82039
84137
72161
72763
84247
72211
84307
72823
72221
84317
72883
72251
84347
72893
84377
72271
72923
84407
72341
84437
72953
72421
84457
72973
84467
72431
73013
84697
72461
73043
84737
72481
84787
73063
72551
84827
73133
84857
72661
73243
84947
72671
73303
84967
82129
72701
84977
73363
85027
72871
73433
85037
82139
72901
73453
85087
82189
72911
85147
82219
73483
72931
82279
85237
73523
82339
85247
73061
73553
82349
85297
73091
73583
85427
73121
85447
73613
73141
85487
73643
85517
73181
73673
85577
73291
85597
73693
73331
85607
73783
82469
85627
73351
82499
73823
85667
73361
82529
73883
85717
82549
73421
85817
73943
82559
73471
85837
73973
85847
73561
74093
86017
73571
74143
86027
73651
86077
74203
73681
82609
86117
74293
82619
86137
73721
74323
82699
86197
73751
82729
74353
86257
73771
82759
86287
74363
82799
86297
73951
74383
86357
73961
74413
86467
74021
74453
86477
74051
86587
74573
86627
74071
74623
86677
74101
74653
82889
86767
74131
82939
86837
74713
83009
74161
86857
74843
86927
74201
74873
87037
74231
74903
87107
83059
74311
87187
74923
83089
74381
87257
74933
87277
74411
75013
87317
83219
74441
87337
75083
83269
74471
87407
83299
75133
74521
87427
83339
75193
87517
74531
83389
75223
87547
83399
74551
87557
75253
74561
87587
75323
74611
87697
75353
87767
74731
87797
75403
74761
87877
75503
74771
87887
83449
75533
74821
87917
83459
75553
87977
74831
83579
88007
75583
83609
74861
88037
83639
75653
74891
88117
83689
75683
88177
74941
75703
88237
75011
88327
75743
75041
88337
75773
75161
88397
75793
88427
75181
75833
88547
83719
75211
88607
75853
83869
75391
88657
83939
75883
88667
75401
83969
75913
88747
84059
75431
75983
88807
84089
75511
88817
84179
76003
75521
88867
84199
76103
84229
88897
75541
76123
84239
88937
75571
76163
88997
75611
89017
76213
75641
89057
76243
89087
75721
76253
89107
75731
76283
89137
75781
89227
76303
75821
89237
76333
89317
75931
76343
89387
75941
84299
76403
89417
75991
84319
89477
76423
84349
76001
89527
76463
84389
89567
76031
84449
76493
89597
76081
84499
76543
89627
84509
76091
89657
76603
89767
76231
76673
89797
76261
76733
89867
76421
89897
76753
76441
89917
76873
89977
76471
76883
90007
84559
76481
90017
76913
84589
76511
84629
90067
76943
76541
84649
90107
76963
84659
90127
76561
77003
84719
90187
76631
84809
90197
77023
76651
84859
90217
77093
84869
76771
90227
84919
77153
90247
76781
77213
90397
76801
90407
77243
76831
90437
77263
76871
90527
77323
76961
90547
77383
90617
76991
90647
77513
77041
90677
77543
77081
90697
77563
77101
90787
84979
90847
77573
77141
85009
90887
77171
77713
90907
77723
77191
90917
85049
85109
77201
90947
77743
85159
90977
77773
77261
85199
90997
77783
77291
85229
91097
85259
77813
77351
91127
85369
91237
77863
77431
91297
77471
77893
91367
77491
77933
91387
77521
77983
91397
77551
91457
78163
91577
77591
78173
91757
77611
78193
85429
91807
77621
78203
91837
85439
77641
91867
78233
85469
91957
77681
85549
78283
91967
77711
78553
91997
77731
92077
78583
77761
92107
85619
78593
85639
77801
92177
78623
92227
77951
78643
92237
78031
85669
92297
78653
78041
92317
78713
85819
92347
78101
78803
85829
92357
78121
85889
78823
92377
78191
85909
92387
78853
85999
78241
92467
78893
86029
92507
78301
86069
79043
92557
78311
92567
79063
78341
92627
79103
78401
92647
79133
78511
92657
79153
78541
92707
79193
92717
78571
92737
79273
78691
86179
92767
79283
86209
78721
92857
86239
79333
92867
78781
86249
92927
79393
78791
86269
92957
79423
78901
92987
79433
78941
93047
79493
93077
79031
93097
79613
86369
79111
93187
86389
79633
79151
93257
86399
79693
93287
79181
86509
93307
79813
79201
93337
79823
79231
93377
79843
79241
93407
79873
93427
86539
79301
93487
79903
79411
86579
93497
79943
79451
86599
93557
79973
86629
93607
79481
86689
80153
93637
79531
93787
80173
79561
93827
80233
79601
93887
80263
93937
79621
86719
93967
80273
79631
86729
93997
80363
79691
94007
80473
79801
94057
86869
80513
94117
79811
94207
80603
86929
79841
86939
94307
79861
86959
94327
79901
86969
80021
94397
80051
94427
80071
94447
80111
94477
80141
94547
80191
94597
80221
87049
80231
94687
80251
94727
80341
87119
94747
80471
87149
94777
80491
87179
94837
80611
87299
94847
80621
87359
80683
94907
87509
80651
80713
95027
80671
80783
95087
80681
95107
80803
95177
80701
80833
95257
80761
80863
95267
80831
87539
80923
95287
80911
95317
87559
80933
95327
81001
87589
80953
95467
87629
81031
80963
87649
95507
81041
87679
81013
95527
87719
81071
95597
81023
87739
95617
81101
81043
87869
95707
81131
87959
81083
95717
81181
81163
95737
81281
95747
81173
95857
81331
81203
95917
81371
81223
95947
81401
81233
95957
81421
95987
81283
96017
81551
81293
96097
81611
81343
88019
96137
88069
81671
81353
96157
88079
96167
81701
81373
96337
81761
81463
96377
81901
81533
88129
96457
81931
88169
81553
96487
88259
81971
96497
81563
88289
96517
82021
81703
88339
96527
88379
82031
81773
96557
88469
82051
81853
96587
88499
96667
82141
81883
96697
82171
81943
96737
82231
81953
96757
82241
81973
96787
82261
82003
96797
82301
82013
96827
96847
82351
82073
96857
88589
82361
82153
96907
88609
82421
82163
96997
82471
97007
82183
88729
97117
82531
88789
82193
97127
88799
82561
82223
97157
88819
82571
82373
97177
82591
97187
82393
97327
82601
82463
97367
82651
82483
88919
97387
82721
88969
82493
97397
89009
82781
97547
82613
89069
97577
82811
82633
89119
97607
82891
89189
82723
97687
89209
82981
82763
97777
89269
83071
97787
82793
89329
97847
83101
89399
82813
97927
89449
83221
82883
97967
83231
82903
97987
83311
98017
82913
98047
83341
82963
98057
83401
83003
98207
83431
83023
98227
83471
98257
83063
98297
83561
83093
98317
83591
83203
98327
83621
89459
98347
83233
89519
98377
83641
83243
89599
98387
83701
89659
83273
98407
89669
83761
83383
98467
89689
83791
98507
83423
89759
98597
83891
89779
83443
98627
89809
83911
83563
89819
98717
83921
89839
83653
98737
89849
84011
98807
83663
89899
98837
84061
83773
89909
98867
84121
89939
83813
98887
89959
84131
83833
98897
89989
84181
98927
90019
83843
98947
90059
84191
83873
99017
90089
84211
83903
90149
99137
84221
90199
83933
99257
90239
99277
84391
83983
90289
99317
84401
84053
90359
99347
90379
84421
84143
99367
84431
99377
84163
99397
84481
84223
99487
84521
84263
99497
84551
84313
99527
84631
99577
84443
99607
84691
84463
99667
84701
84503
99707
84731
84523
99767
84751
99787
84533
99817
84761
84653
99877
84811
84673
99907
84871
84713
100057
84961
100207
84793
90439
100237
84991
84913
100267
85021
85093
100297
85061
100357
85103
85081
100417
85133
100447
85091
85193
100517
85121
85213
100537
85201
100547
85223
85331
100747
85243
100787
90469
85361
85303
100847
90499
85381
85313
90529
100907
85411
90599
100927
85333
90619
85451
100937
85363
90659
100957
85531
85453
100987
85571
85513
101027
85601
101107
85523
85621
101117
85643
101197
85661
85703
101207
90679
85691
85733
101267
90709
85711
90749
101287
85793
101347
85751
85843
101377
85781
85853
101467
90989
85831
85903
101477
91009
85931
101527
91019
85933
85991
101537
91079
86083
91099
101627
86011
86113
91129
101737
86111
91139
101747
86143
91159
86131
101797
86183
91199
86161
101807
91229
86243
101837
91249
86171
86263
101917
86201
101957
86293
86291
101977
86323
101987
86311
86353
102077
86341
86413
102107
86351
102197
86423
86371
102217
86453
102317
86381
86533
102337
86441
86573
102367
86461
102397
86693
91309
86491
102407
91369
86743
102437
91459
86501
86753
102497
86531
102547
86783
86561
102587
86813
91499
86711
102607
91529
86843
102647
86771
91639
86923
102667
86851
102677
86993
86861
102797
87013
86951
102877
91909
87083
86981
91939
87103
87011
91969
87133
92009
87041
102967
87223
87071
87253
87121
87293
87151
92119
87313
92179
87181
92189
87211
103007
92219
103067
87221
103087
87251
87281
103177
87421
103217
87481
92269
103237
87491
92369
103307
92399
87511
92419
87541
92459
87631
103357
92479
87641
87671
103387
87691
103457
92489
87701
92569
103567
87721
92639
103577
87751
92669
103657
87811
92699
103687
87881
92779
87911
103787
92789
87323
103837
87931
92809
87383
103867
92849
87961
87403
103967
92899
87991
92959
103997
87433
93059
88001
104047
87443
93089
104087
88211
93139
87473
104107
88241
93169
87523
104147
93179
88261
104207
87553
93199
88301
104287
93229
87583
93239
104297
88321
87613
93319
104327
88411
93329
87623
104347
93419
88471
104417
87643
93479
104527
88591
87683
93529
104537
93559
88651
87743
104597
93629
88661
87793
104677
93719
104707
88681
93739
87803
104717
93809
88721
87833
93889
104827
88741
87853
93949
104917
93979
88771
104947
87943
94009
104987
88801
87973
94049
105037
88811
94079
88003
105097
94099
88861
88093
105107
94109
88951
105137
88223
94169
105167
94219
89021
88423
94229
105227
89041
88463
94309
105277
94349
89051
105337
88493
94379
105367
89071
88513
94399
105397
89101
94439
88523
105407
94529
89231
105437
88643
94559
89261
94649
89371
105467
94709
88663
105517
89381
94789
88793
94819
105527
89431
94849
88813
105557
89491
94889
105607
88843
94949
89501
105667
94999
88853
89521
95009
105727
88873
89561
95089
105767
88883
95189
89591
105817
95219
88903
89611
105907
95239
88993
105967
95279
89003
89671
95339
105977
95369
89083
105997
89681
95419
106087
89113
89821
95429
106187
89123
95479
89891
106207
95539
89153
106217
90001
95549
89203
106277
95569
90011
106297
89213
95629
106307
90031
95789
89273
106357
95819
90071
89293
95869
106367
90121
95929
89303
106397
95959
106417
90191
89363
95989
106427
90271
89393
96059
106487
96079
90281
89413
106537
96149
90371
89443
106627
96179
106637
90401
89513
96199
106657
96259
89533
90481
106727
96269
89563
90511
96289
106747
96329
89603
106787
90631
96419
106867
89633
90641
96469
106877
89653
96479
90731
106907
96589
89753
106937
90821
96739
106957
89783
96749
90841
107057
96769
89833
107077
90901
96779
89923
107137
96799
90911
89963
107197
96959
90931
107227
96979
89983
96989
107347
90971
90023
97039
107357
91081
90053
97159
107377
97169
91121
107467
90073
97259
107507
91141
90163
97369
107647
91151
97379
90173
107687
97429
91291
90203
107717
97459
107747
91331
90263
97499
107777
97549
90313
91381
97579
107827
90353
91411
97609
107837
97649
90373
91541
107857
97729
107867
90403
91571
97789
107897
90473
97829
91591
107927
97849
90523
91621
108007
97859
90533
108037
91631
97879
97919
90583
108107
91691
98009
108127
90703
91711
98129
108187
90793
98179
91771
108217
98269
90803
108247
91781
98299
108287
90823
91801
98369
108347
98389
90833
91811
108377
98419
90863
91841
108457
98429
91033
108497
98459
91921
108517
98479
91153
91951
98519
108557
91163
98639
91961
108587
98669
91183
108637
92041
98689
108677
91193
92051
98729
108707
91243
98779
92111
108727
98809
91253
108827
92221
98849
91283
108877
98869
92251
108887
91303
98899
92311
108907
98909
91373
108917
98929
92381
91393
98939
108947
92401
98999
108967
91423
92431
99079
109037
91433
99089
92461
109097
91453
99109
109147
92551
99119
91463
109267
99139
92581
109297
91493
99149
92641
109357
99259
91513
109367
92671
99289
91573
109387
99349
92681
91583
109397
99409
92761
99439
109507
91673
99469
92791
109517
91703
99529
109537
92801
99559
91733
109547
92821
99679
109567
91753
99689
92831
109597
91813
99709
92861
109717
99719
91823
109807
99809
92921
91873
109847
99829
92941
99839
109897
91943
92951
99859
109937
92003
99929
109987
93001
92033
99989
110017
93131
100019
92083
110237
100049
93151
110437
92143
100069
93241
110477
92153
100109
110527
100129
93251
92173
110557
100169
93281
92203
110567
100189
93371
100279
92233
110587
100379
110597
93481
92243
100459
110647
93491
92333
100469
110777
100519
92353
93581
110807
100549
92363
110917
93601
100559
110927
92383
93701
100609
110947
100649
92413
93761
110977
100669
92503
93811
111127
100699
111187
100769
92593
93851
100799
111217
92623
93871
100829
111227
92683
93901
100999
111317
92693
93911
111337
101009
111347
92723
93941
101089
111427
92753
101119
93971
111467
101149
92863
94111
111487
101159
92893
111497
101209
94121
101279
111577
92993
94151
111637
93053
94201
111667
93083
101359
94261
111697
101399
93103
111767
94291
101419
111827
93113
94321
101429
111847
93133
101449
94331
111857
101489
93253
94351
111977
101599
93263
111997
94421
101719
112067
93283
101749
94441
112087
101789
93323
94531
112097
101839
93383
101869
112207
94541
101879
93463
112237
94561
101929
112247
93493
94621
101939
112297
93503
101999
94651
112327
102019
93523
112337
94771
102059
112397
93553
102079
94781
112507
102139
93563
94811
112577
102149
93683
94841
112657
102199
93703
102229
112687
94951
102259
93763
112757
94961
102299
112787
93893
102329
95021
112807
102359
93913
112877
95071
102409
93923
112927
102499
95101
112967
93983
102539
95111
112997
102559
94033
95131
113017
102679
94063
113027
102769
95191
94153
113117
102829
95231
113147
102859
94253
95261
102929
113167
94273
103049
113177
95311
94343
103069
113227
95401
103079
113287
94433
103099
95441
113327
94463
103289
113357
95461
103319
94483
113417
95471
103349
94513
113437
103399
95531
113467
94543
103409
95561
113497
103529
94573
113537
95581
103549
94583
113557
103619
95621
94603
113567
103669
95651
113647
103699
94613
95701
113657
103769
94693
103889
113717
95731
94723
103919
113777
95791
103969
113797
94793
103979
95801
113837
94823
104009
113947
95881
104059
94873
113957
95891
104089
94903
114067
104119
95911
114077
94933
104149
95971
114157
104179
94993
114167
104239
96001
95003
114197
104309
96181
95063
114217
104369
96211
104399
114277
95083
104459
114377
96221
95093
104479
114407
96281
95143
104549
114467
104579
96331
95153
114487
104639
96401
114547
95203
104659
114577
96431
104729
95213
114617
104759
96451
95233
114757
104779
96461
95273
114797
104789
114827
96581
104849
95383
114847
104869
96601
95393
114967
96661
95413
104879
114997
104959
96671
95443
115057
104999
115067
95483
96731
105019
115117
95603
96821
105199
115127
105229
95633
96851
115237
105239
115327
95713
96911
105269
115337
95723
96931
105319
115547
95773
97001
105359
115597
105379
95783
97021
115637
105389
95803
115657
97081
105449
115727
95813
105499
97151
115757
105509
95873
97171
115777
105529
95923
115807
105619
97231
105649
115837
96013
97241
105769
115877
96043
97301
105829
115987
96053
105899
97381
116027
105929
96223
116047
97441
106019
116107
96233
97501
106109
116167
96263
106129
97511
116177
106189
96293
116257
97561
106219
96323
116387
106279
97571
116437
96353
106319
97651
116447
106349
96443
97711
116507
106619
96493
106649
116537
97771
96553
106669
116657
97841
106699
116687
96643
97861
106739
116707
96703
106759
97871
116747
106859
96763
116797
97931
106949
96823
116827
97961
106979
116867
96893
107069
98011
116927
107089
96953
98041
117017