2
2
2
2
2
2
2
2
2
2
2
2
2
2
2
2
2
2
2
2
2
2
2
2
2
2
2
2
2
2
2
2
2
2
2
2
2
2
2
2
2
2
2
2
2
2
2
2
2
2
2
2
2
2
2
2
2
2
2
2
2
2
2
2
2
2
2
2
2
2
2
2
2
2
2
2
2
2
2
2
2
2
2
2
2
2
2
2
2
2
2
2
2
2
2
2
2
2
2
2
11
31
41
61
71
101
131
151
181
191
211
241
251
271
281
311
331
401
421
431
461
491
521
541
571
601
631
641
661
691
701
751
761
811
821
881
911
941
971
991
1021
1031
1051
1061
1091
1151
1171
1181
1201
1231
1291
1301
1321
1361
1381
1451
1471
1481
1511
1531
1571
1601
1621
1721
1741
1801
1811
1831
1861
1871
1901
1931
1951
2011
2081
2111
2131
2141
2161
2221
2251
2281
2311
2341
2351
2371
2381
2411
2441
2521
2531
2551
2591
2621
2671
2711
2731
2741
2791
2801
2
2
2
2
2
2
2
2
2
2
2
2
2
2
2
2
2
2
2
2
2
2
2
2
2
2
2
2
2
2
2
2
2
2
2
2
2
2
2
2
2
2
2
2
2
2
2
2
2
2
2
2
2
2
2
2
2
2
2
2
2
2
2
2
2
2
2
2
2
2
2
2
2
2
2
2
2
2
2
2
2
2
2
2
2
2
2
2
2
2
2
2
2
2
2
2
2
2
2
2
3
13
23
43
53
73
83
103
113
163
173
193
223
233
263
283
293
313
353
373
383
433
443
463
503
523
563
593
613
643
653
673
683
733
743
773
823
853
863
883
953
983
1013
1033
1063
1093
1103
1123
1153
1163
1193
1213
1223
1283
1303
1373
1423
1433
1453
1483
1493
1523
1543
1553
1583
1613
1663
1693
1723
1733
1753
1783
1823
1873
1913
1933
1973
1993
2003
2053
2063
2083
2113
2143
2153
2203
2213
2243
2273
2293
2333
2383
2393
2423
2473
2503
2543
2593
2633
2663
2
2
2
2
2
2
2
2
2
2
2
2
2
2
2
2
2
2
2
2
2
2
2
2
2
2
2
2
2
2
2
2
2
2
2
2
2
2
2
2
2
2
2
2
2
2
2
2
2
2
2
2
2
2
2
2
2
2
2
2
2
2
2
2
2
2
2
2
2
2
2
2
2
2
2
2
2
2
2
2
2
2
2
2
2
2
2
2
2
2
2
2
2
2
2
2
2
2
2
2
5
19
29
59
79
89
109
139
149
179
199
229
239
269
349
359
379
389
409
419
439
449
479
499
509
569
599
619
659
709
719
739
769
809
829
839
859
919
929
1009
1019
1039
1049
1069
1109
1129
1229
1249
1259
1279
1289
1319
1399
1409
1429
1439
1459
1489
1499
1549
1559
1579
1609
1619
1669
1699
1709
1759
1789
1879
1889
1949
1979
1999
2029
2039
2069
2089
2099
2129
2179
2239
2269
2309
2339
2389
2399
2459
2539
2549
2579
2609
2659
2689
2699
2719
2729
2749
2789
2819
2
2
2
2
2
2
2
2
2
2
2
2
2
2
2
2
2
2
2
2
2
2
2
2
2
2
2
2
2
2
2
2
2
2
2
2
2
2
2
2
2
2
2
2
2
2
2
2
2
2
2
2
2
2
2
2
2
2
2
2
2
2
2
2
2
2
2
2
2
2
2
2
2
2
2
2
2
2
2
2
2
2
2
2
2
2
2
2
2
2
2
2
2
2
2
2
2
2
2
2
7
17
37
47
67
97
107
127
137
157
167
197
227
257
277
307
317
337
347
367
397
457
467
487
547
557
577
587
607
617
647
677
727
757
787
797
827
857
877
887
907
937
947
967
977
997
1087
1097
1117
1187
1217
1237
1277
1297
1307
1327
1367
1427
1447
1487
1567
1597
1607
1627
1637
1657
1667
1697
1747
1777
1787
1847
1867
1877
1907
1987
1997
2017
2027
2087
2137
2207
2237
2267
2287
2297
2347
2357
2377
2417
2437
2447
2467
2477
2557
2617
2647
2657
2677
2687
2
2
2
2
2
2
2
2
2
2
2
2
2
2
2
2
2
2
2
2
2
2
2
2
2
2
2
2
2
2
2
2
2
2
2
2
2
2
2
2
2
2
2
2
2
2
2
2
2
2
2
2
2
2
2
2
2
2
2
2
2
2
2
2
2
2
2
2
2
2
2
2
2
2
2
2
2
2
2
2
2
2
2
2
2
2
2
2
2
2
2
2
2
2
2
2
2
2
2
2
19
29
59
79
89
109
139
149
179
199
229
239
269
349
359
379
389
409
419
439
449
479
499
509
569
599
619
659
709
719
739
769
809
829
839
859
919
929
1009
1019
1039
1049
1069
1109
1129
1229
1249
1259
1279
1289
1319
1399
1409
1429
1439
1459
1489
1499
1549
1559
1579
1609
1619
1669
1699
1709
1759
1789
1879
1889
1949
1979
1999
2029
2039
2069
2089
2099
2129
2179
2239
2269
2309
2339
2389
2399
2459
2539
2549
2579
2609
2659
2689
2699
2719
2729
2749
2789
2819
2879